{
  "nbformat": 4,
  "nbformat_minor": 0,
  "metadata": {
    "colab": {
      "provenance": []
    },
    "kernelspec": {
      "name": "python3",
      "display_name": "Python 3"
    },
    "language_info": {
      "name": "python"
    }
  },
  "cells": [
    {
      "cell_type": "code",
      "execution_count": 1,
      "metadata": {
        "id": "iTUVNnqdJGfK"
      },
      "outputs": [],
      "source": [
        "from keras.models import Model\n",
        "from keras.layers import Input, LSTM, Dense, Conv1D, MaxPooling1D, Flatten, Concatenate\n",
        "from sklearn.preprocessing import MinMaxScaler\n",
        "from sklearn.metrics import mean_absolute_error, mean_squared_error\n",
        "from keras.models import Model\n",
        "from keras.layers import Input, Conv1D, MaxPooling1D, Flatten, Dense, Add, Activation, LSTM\n",
        "from keras.optimizers import Adam\n",
        "import matplotlib.pyplot as plt"
      ]
    },
    {
      "cell_type": "code",
      "source": [
        "# Access Google Drive\n",
        "from google.colab import drive\n",
        "drive.mount('/content/drive')"
      ],
      "metadata": {
        "colab": {
          "base_uri": "https://localhost:8080/"
        },
        "id": "Pch833jzJR7w",
        "outputId": "094d08a6-79d3-4501-b4e3-6990679fede4"
      },
      "execution_count": 2,
      "outputs": [
        {
          "output_type": "stream",
          "name": "stdout",
          "text": [
            "Mounted at /content/drive\n"
          ]
        }
      ]
    },
    {
      "cell_type": "code",
      "source": [
        "# Load datasets\n",
        "bitcoin_data_path = '/content/drive/MyDrive/dataset/Bitcoin Historical Data.csv'\n",
        "nasdaq_data_path = '/content/drive/MyDrive/dataset/NASDAQ Composite Historical Data.csv'\n",
        "usd_data_path = '/content/drive/MyDrive/dataset/US Dollar Index Futures Historical Data.csv'"
      ],
      "metadata": {
        "id": "YSxqWfvlJSgP"
      },
      "execution_count": 3,
      "outputs": []
    },
    {
      "cell_type": "code",
      "source": [
        "# Define a function to preprocess each dataset\n",
        "def preprocess_data(data_path, date_format='%d/%m/%Y'):\n",
        "  df = pd.read_csv(data_path)\n",
        "  print(df)\n",
        "  df = df[::-1] # Reverse the order\n",
        "  print(df)\n",
        "  df.fillna(method='ffill', inplace=True)\n",
        "  print(df)\n",
        "  df['Price'] = df['Price'].str.replace(',', '').astype(float)\n",
        "  print(df)\n",
        "  df['Date'] = pd.to_datetime(df['Date'], format=date_format)\n",
        "  print(df)\n",
        "  return df"
      ],
      "metadata": {
        "id": "sL6ElbfJJcP_"
      },
      "execution_count": 4,
      "outputs": []
    },
    {
      "cell_type": "code",
      "source": [
        "# Define a function to preprocess each dataset\n",
        "def preprocess_us_data(data_path, date_format='%m/%d/%Y'):\n",
        "    df = pd.read_csv(data_path)\n",
        "    print(df)\n",
        "    df = df[::-1]  # Reverse the order\n",
        "    print(df)\n",
        "    df.fillna(method='ffill', inplace=True)\n",
        "    print(df)\n",
        "    df['Date'] = pd.to_datetime(df['Date'], format=date_format)\n",
        "    print(df)\n",
        "    return df"
      ],
      "metadata": {
        "id": "HpRkLcKQGv4s"
      },
      "execution_count": 5,
      "outputs": []
    },
    {
      "cell_type": "code",
      "source": [
        "# Preprocess each dataset\n",
        "bitcoin_df = preprocess_data(bitcoin_data_path)\n",
        "nasdaq_df = preprocess_data(nasdaq_data_path)\n",
        "usd_df = preprocess_us_data(usd_data_path)\n",
        "\n",
        "print(bitcoin_df)\n",
        "print(nasdaq_df)\n",
        "print(usd_df)"
      ],
      "metadata": {
        "id": "iiCTaQKl57mJ",
        "colab": {
          "base_uri": "https://localhost:8080/"
        },
        "outputId": "2ae1fe89-9150-4ddd-8de4-9d94337bf3e6"
      },
      "execution_count": 6,
      "outputs": [
        {
          "output_type": "stream",
          "name": "stdout",
          "text": [
            "            Date      Price       Open       High        Low    Vol. Change %\n",
            "0     01/06/2024  67,760.80  67,533.90  67,861.00  67,449.60  19.01K    0.34%\n",
            "1     31/05/2024  67,530.10  68,352.30  69,018.20  66,676.80  61.51K   -1.21%\n",
            "2     30/05/2024  68,354.70  67,631.30  69,504.70  67,138.40  66.84K    1.06%\n",
            "3     29/05/2024  67,635.80  68,366.20  68,897.60  67,143.20  52.13K   -1.07%\n",
            "4     28/05/2024  68,366.00  69,428.30  69,560.70  67,299.90  71.39K   -1.53%\n",
            "...          ...        ...        ...        ...        ...     ...      ...\n",
            "4106  05/03/2013       40.3       36.2       40.7       36.2  85.43K   11.56%\n",
            "4107  04/03/2013       36.2       34.5       36.7       34.2  46.77K    4.78%\n",
            "4108  03/03/2013       34.5       34.3       34.5       33.8  12.53K    0.73%\n",
            "4109  02/03/2013       34.3       34.5       34.8       33.2  36.66K   -0.72%\n",
            "4110  01/03/2013       34.5       33.4       34.9       32.9  39.79K    3.36%\n",
            "\n",
            "[4111 rows x 7 columns]\n",
            "            Date      Price       Open       High        Low    Vol. Change %\n",
            "4110  01/03/2013       34.5       33.4       34.9       32.9  39.79K    3.36%\n",
            "4109  02/03/2013       34.3       34.5       34.8       33.2  36.66K   -0.72%\n",
            "4108  03/03/2013       34.5       34.3       34.5       33.8  12.53K    0.73%\n",
            "4107  04/03/2013       36.2       34.5       36.7       34.2  46.77K    4.78%\n",
            "4106  05/03/2013       40.3       36.2       40.7       36.2  85.43K   11.56%\n",
            "...          ...        ...        ...        ...        ...     ...      ...\n",
            "4     28/05/2024  68,366.00  69,428.30  69,560.70  67,299.90  71.39K   -1.53%\n",
            "3     29/05/2024  67,635.80  68,366.20  68,897.60  67,143.20  52.13K   -1.07%\n",
            "2     30/05/2024  68,354.70  67,631.30  69,504.70  67,138.40  66.84K    1.06%\n",
            "1     31/05/2024  67,530.10  68,352.30  69,018.20  66,676.80  61.51K   -1.21%\n",
            "0     01/06/2024  67,760.80  67,533.90  67,861.00  67,449.60  19.01K    0.34%\n",
            "\n",
            "[4111 rows x 7 columns]\n",
            "            Date      Price       Open       High        Low    Vol. Change %\n",
            "4110  01/03/2013       34.5       33.4       34.9       32.9  39.79K    3.36%\n",
            "4109  02/03/2013       34.3       34.5       34.8       33.2  36.66K   -0.72%\n",
            "4108  03/03/2013       34.5       34.3       34.5       33.8  12.53K    0.73%\n",
            "4107  04/03/2013       36.2       34.5       36.7       34.2  46.77K    4.78%\n",
            "4106  05/03/2013       40.3       36.2       40.7       36.2  85.43K   11.56%\n",
            "...          ...        ...        ...        ...        ...     ...      ...\n",
            "4     28/05/2024  68,366.00  69,428.30  69,560.70  67,299.90  71.39K   -1.53%\n",
            "3     29/05/2024  67,635.80  68,366.20  68,897.60  67,143.20  52.13K   -1.07%\n",
            "2     30/05/2024  68,354.70  67,631.30  69,504.70  67,138.40  66.84K    1.06%\n",
            "1     31/05/2024  67,530.10  68,352.30  69,018.20  66,676.80  61.51K   -1.21%\n",
            "0     01/06/2024  67,760.80  67,533.90  67,861.00  67,449.60  19.01K    0.34%\n",
            "\n",
            "[4111 rows x 7 columns]\n",
            "            Date    Price       Open       High        Low    Vol. Change %\n",
            "4110  01/03/2013     34.5       33.4       34.9       32.9  39.79K    3.36%\n",
            "4109  02/03/2013     34.3       34.5       34.8       33.2  36.66K   -0.72%\n",
            "4108  03/03/2013     34.5       34.3       34.5       33.8  12.53K    0.73%\n",
            "4107  04/03/2013     36.2       34.5       36.7       34.2  46.77K    4.78%\n",
            "4106  05/03/2013     40.3       36.2       40.7       36.2  85.43K   11.56%\n",
            "...          ...      ...        ...        ...        ...     ...      ...\n",
            "4     28/05/2024  68366.0  69,428.30  69,560.70  67,299.90  71.39K   -1.53%\n",
            "3     29/05/2024  67635.8  68,366.20  68,897.60  67,143.20  52.13K   -1.07%\n",
            "2     30/05/2024  68354.7  67,631.30  69,504.70  67,138.40  66.84K    1.06%\n",
            "1     31/05/2024  67530.1  68,352.30  69,018.20  66,676.80  61.51K   -1.21%\n",
            "0     01/06/2024  67760.8  67,533.90  67,861.00  67,449.60  19.01K    0.34%\n",
            "\n",
            "[4111 rows x 7 columns]\n",
            "           Date    Price       Open       High        Low    Vol. Change %\n",
            "4110 2013-03-01     34.5       33.4       34.9       32.9  39.79K    3.36%\n",
            "4109 2013-03-02     34.3       34.5       34.8       33.2  36.66K   -0.72%\n",
            "4108 2013-03-03     34.5       34.3       34.5       33.8  12.53K    0.73%\n",
            "4107 2013-03-04     36.2       34.5       36.7       34.2  46.77K    4.78%\n",
            "4106 2013-03-05     40.3       36.2       40.7       36.2  85.43K   11.56%\n",
            "...         ...      ...        ...        ...        ...     ...      ...\n",
            "4    2024-05-28  68366.0  69,428.30  69,560.70  67,299.90  71.39K   -1.53%\n",
            "3    2024-05-29  67635.8  68,366.20  68,897.60  67,143.20  52.13K   -1.07%\n",
            "2    2024-05-30  68354.7  67,631.30  69,504.70  67,138.40  66.84K    1.06%\n",
            "1    2024-05-31  67530.1  68,352.30  69,018.20  66,676.80  61.51K   -1.21%\n",
            "0    2024-06-01  67760.8  67,533.90  67,861.00  67,449.60  19.01K    0.34%\n",
            "\n",
            "[4111 rows x 7 columns]\n",
            "            Date      Price       Open       High        Low     Vol. Change %\n",
            "0     31/05/2024  16,735.02  16,771.90  16,789.27  16,445.54    1.81B   -0.01%\n",
            "1     30/05/2024  16,737.08  16,878.63  16,900.46  16,690.36    1.11B   -1.08%\n",
            "2     29/05/2024  16,920.58  16,879.35  16,989.60  16,873.97    1.15B   -0.58%\n",
            "3     28/05/2024  17,019.88  16,988.31  17,032.65  16,917.51    1.10B    0.59%\n",
            "4     24/05/2024  16,920.79  16,786.79  16,947.79  16,771.58  953.61M    1.10%\n",
            "...          ...        ...        ...        ...        ...      ...      ...\n",
            "2828  07/03/2013   3,232.09   3,224.50   3,235.10   3,221.47  365.78M    0.30%\n",
            "2829  06/03/2013   3,222.37   3,233.31   3,233.44   3,217.67  377.54M   -0.05%\n",
            "2830  05/03/2013   3,224.13   3,200.38   3,227.31   3,200.27  418.69M    1.32%\n",
            "2831  04/03/2013   3,182.03   3,159.46   3,182.27   3,154.79  397.77M    0.39%\n",
            "2832  01/03/2013   3,169.74   3,143.54   3,171.50   3,129.40  431.39M    0.30%\n",
            "\n",
            "[2833 rows x 7 columns]\n",
            "            Date      Price       Open       High        Low     Vol. Change %\n",
            "2832  01/03/2013   3,169.74   3,143.54   3,171.50   3,129.40  431.39M    0.30%\n",
            "2831  04/03/2013   3,182.03   3,159.46   3,182.27   3,154.79  397.77M    0.39%\n",
            "2830  05/03/2013   3,224.13   3,200.38   3,227.31   3,200.27  418.69M    1.32%\n",
            "2829  06/03/2013   3,222.37   3,233.31   3,233.44   3,217.67  377.54M   -0.05%\n",
            "2828  07/03/2013   3,232.09   3,224.50   3,235.10   3,221.47  365.78M    0.30%\n",
            "...          ...        ...        ...        ...        ...      ...      ...\n",
            "4     24/05/2024  16,920.79  16,786.79  16,947.79  16,771.58  953.61M    1.10%\n",
            "3     28/05/2024  17,019.88  16,988.31  17,032.65  16,917.51    1.10B    0.59%\n",
            "2     29/05/2024  16,920.58  16,879.35  16,989.60  16,873.97    1.15B   -0.58%\n",
            "1     30/05/2024  16,737.08  16,878.63  16,900.46  16,690.36    1.11B   -1.08%\n",
            "0     31/05/2024  16,735.02  16,771.90  16,789.27  16,445.54    1.81B   -0.01%\n",
            "\n",
            "[2833 rows x 7 columns]\n",
            "            Date      Price       Open       High        Low     Vol. Change %\n",
            "2832  01/03/2013   3,169.74   3,143.54   3,171.50   3,129.40  431.39M    0.30%\n",
            "2831  04/03/2013   3,182.03   3,159.46   3,182.27   3,154.79  397.77M    0.39%\n",
            "2830  05/03/2013   3,224.13   3,200.38   3,227.31   3,200.27  418.69M    1.32%\n",
            "2829  06/03/2013   3,222.37   3,233.31   3,233.44   3,217.67  377.54M   -0.05%\n",
            "2828  07/03/2013   3,232.09   3,224.50   3,235.10   3,221.47  365.78M    0.30%\n",
            "...          ...        ...        ...        ...        ...      ...      ...\n",
            "4     24/05/2024  16,920.79  16,786.79  16,947.79  16,771.58  953.61M    1.10%\n",
            "3     28/05/2024  17,019.88  16,988.31  17,032.65  16,917.51    1.10B    0.59%\n",
            "2     29/05/2024  16,920.58  16,879.35  16,989.60  16,873.97    1.15B   -0.58%\n",
            "1     30/05/2024  16,737.08  16,878.63  16,900.46  16,690.36    1.11B   -1.08%\n",
            "0     31/05/2024  16,735.02  16,771.90  16,789.27  16,445.54    1.81B   -0.01%\n",
            "\n",
            "[2833 rows x 7 columns]\n",
            "            Date     Price       Open       High        Low     Vol. Change %\n",
            "2832  01/03/2013   3169.74   3,143.54   3,171.50   3,129.40  431.39M    0.30%\n",
            "2831  04/03/2013   3182.03   3,159.46   3,182.27   3,154.79  397.77M    0.39%\n",
            "2830  05/03/2013   3224.13   3,200.38   3,227.31   3,200.27  418.69M    1.32%\n",
            "2829  06/03/2013   3222.37   3,233.31   3,233.44   3,217.67  377.54M   -0.05%\n",
            "2828  07/03/2013   3232.09   3,224.50   3,235.10   3,221.47  365.78M    0.30%\n",
            "...          ...       ...        ...        ...        ...      ...      ...\n",
            "4     24/05/2024  16920.79  16,786.79  16,947.79  16,771.58  953.61M    1.10%\n",
            "3     28/05/2024  17019.88  16,988.31  17,032.65  16,917.51    1.10B    0.59%\n",
            "2     29/05/2024  16920.58  16,879.35  16,989.60  16,873.97    1.15B   -0.58%\n",
            "1     30/05/2024  16737.08  16,878.63  16,900.46  16,690.36    1.11B   -1.08%\n",
            "0     31/05/2024  16735.02  16,771.90  16,789.27  16,445.54    1.81B   -0.01%\n",
            "\n",
            "[2833 rows x 7 columns]\n",
            "           Date     Price       Open       High        Low     Vol. Change %\n",
            "2832 2013-03-01   3169.74   3,143.54   3,171.50   3,129.40  431.39M    0.30%\n",
            "2831 2013-03-04   3182.03   3,159.46   3,182.27   3,154.79  397.77M    0.39%\n",
            "2830 2013-03-05   3224.13   3,200.38   3,227.31   3,200.27  418.69M    1.32%\n",
            "2829 2013-03-06   3222.37   3,233.31   3,233.44   3,217.67  377.54M   -0.05%\n",
            "2828 2013-03-07   3232.09   3,224.50   3,235.10   3,221.47  365.78M    0.30%\n",
            "...         ...       ...        ...        ...        ...      ...      ...\n",
            "4    2024-05-24  16920.79  16,786.79  16,947.79  16,771.58  953.61M    1.10%\n",
            "3    2024-05-28  17019.88  16,988.31  17,032.65  16,917.51    1.10B    0.59%\n",
            "2    2024-05-29  16920.58  16,879.35  16,989.60  16,873.97    1.15B   -0.58%\n",
            "1    2024-05-30  16737.08  16,878.63  16,900.46  16,690.36    1.11B   -1.08%\n",
            "0    2024-05-31  16735.02  16,771.90  16,789.27  16,445.54    1.81B   -0.01%\n",
            "\n",
            "[2833 rows x 7 columns]\n",
            "           Date    Price     Open     High      Low    Vol. Change %\n",
            "0     5/31/2024  104.627  104.730  104.850  104.310  13.90K   -0.03%\n",
            "1     5/30/2024  104.658  105.095  105.135  104.575  17.83K   -0.36%\n",
            "2     5/29/2024  105.034  104.590  105.085  104.515  17.66K    0.47%\n",
            "3     5/28/2024  104.539  104.490  104.560  104.260  11.02K   -0.09%\n",
            "4     5/27/2024  104.638  104.645  104.670  104.485   3.09K    0.00%\n",
            "...         ...      ...      ...      ...      ...     ...      ...\n",
            "2902   3/7/2013   82.123   82.615   82.620   81.995  35.17K   -0.47%\n",
            "2903   3/6/2013   82.507   82.020   82.640   81.975  26.04K    0.44%\n",
            "2904   3/5/2013   82.147   82.210   82.300   81.955  25.02K   -0.13%\n",
            "2905   3/4/2013   82.255   82.355   82.530   82.230  19.76K   -0.13%\n",
            "2906   3/1/2013   82.358   82.010   82.580   81.850  34.83K    0.43%\n",
            "\n",
            "[2907 rows x 7 columns]\n",
            "           Date    Price     Open     High      Low    Vol. Change %\n",
            "2906   3/1/2013   82.358   82.010   82.580   81.850  34.83K    0.43%\n",
            "2905   3/4/2013   82.255   82.355   82.530   82.230  19.76K   -0.13%\n",
            "2904   3/5/2013   82.147   82.210   82.300   81.955  25.02K   -0.13%\n",
            "2903   3/6/2013   82.507   82.020   82.640   81.975  26.04K    0.44%\n",
            "2902   3/7/2013   82.123   82.615   82.620   81.995  35.17K   -0.47%\n",
            "...         ...      ...      ...      ...      ...     ...      ...\n",
            "4     5/27/2024  104.638  104.645  104.670  104.485   3.09K    0.00%\n",
            "3     5/28/2024  104.539  104.490  104.560  104.260  11.02K   -0.09%\n",
            "2     5/29/2024  105.034  104.590  105.085  104.515  17.66K    0.47%\n",
            "1     5/30/2024  104.658  105.095  105.135  104.575  17.83K   -0.36%\n",
            "0     5/31/2024  104.627  104.730  104.850  104.310  13.90K   -0.03%\n",
            "\n",
            "[2907 rows x 7 columns]\n",
            "           Date    Price     Open     High      Low    Vol. Change %\n",
            "2906   3/1/2013   82.358   82.010   82.580   81.850  34.83K    0.43%\n",
            "2905   3/4/2013   82.255   82.355   82.530   82.230  19.76K   -0.13%\n",
            "2904   3/5/2013   82.147   82.210   82.300   81.955  25.02K   -0.13%\n",
            "2903   3/6/2013   82.507   82.020   82.640   81.975  26.04K    0.44%\n",
            "2902   3/7/2013   82.123   82.615   82.620   81.995  35.17K   -0.47%\n",
            "...         ...      ...      ...      ...      ...     ...      ...\n",
            "4     5/27/2024  104.638  104.645  104.670  104.485   3.09K    0.00%\n",
            "3     5/28/2024  104.539  104.490  104.560  104.260  11.02K   -0.09%\n",
            "2     5/29/2024  105.034  104.590  105.085  104.515  17.66K    0.47%\n",
            "1     5/30/2024  104.658  105.095  105.135  104.575  17.83K   -0.36%\n",
            "0     5/31/2024  104.627  104.730  104.850  104.310  13.90K   -0.03%\n",
            "\n",
            "[2907 rows x 7 columns]\n",
            "           Date    Price     Open     High      Low    Vol. Change %\n",
            "2906 2013-03-01   82.358   82.010   82.580   81.850  34.83K    0.43%\n",
            "2905 2013-03-04   82.255   82.355   82.530   82.230  19.76K   -0.13%\n",
            "2904 2013-03-05   82.147   82.210   82.300   81.955  25.02K   -0.13%\n",
            "2903 2013-03-06   82.507   82.020   82.640   81.975  26.04K    0.44%\n",
            "2902 2013-03-07   82.123   82.615   82.620   81.995  35.17K   -0.47%\n",
            "...         ...      ...      ...      ...      ...     ...      ...\n",
            "4    2024-05-27  104.638  104.645  104.670  104.485   3.09K    0.00%\n",
            "3    2024-05-28  104.539  104.490  104.560  104.260  11.02K   -0.09%\n",
            "2    2024-05-29  105.034  104.590  105.085  104.515  17.66K    0.47%\n",
            "1    2024-05-30  104.658  105.095  105.135  104.575  17.83K   -0.36%\n",
            "0    2024-05-31  104.627  104.730  104.850  104.310  13.90K   -0.03%\n",
            "\n",
            "[2907 rows x 7 columns]\n",
            "           Date    Price       Open       High        Low    Vol. Change %\n",
            "4110 2013-03-01     34.5       33.4       34.9       32.9  39.79K    3.36%\n",
            "4109 2013-03-02     34.3       34.5       34.8       33.2  36.66K   -0.72%\n",
            "4108 2013-03-03     34.5       34.3       34.5       33.8  12.53K    0.73%\n",
            "4107 2013-03-04     36.2       34.5       36.7       34.2  46.77K    4.78%\n",
            "4106 2013-03-05     40.3       36.2       40.7       36.2  85.43K   11.56%\n",
            "...         ...      ...        ...        ...        ...     ...      ...\n",
            "4    2024-05-28  68366.0  69,428.30  69,560.70  67,299.90  71.39K   -1.53%\n",
            "3    2024-05-29  67635.8  68,366.20  68,897.60  67,143.20  52.13K   -1.07%\n",
            "2    2024-05-30  68354.7  67,631.30  69,504.70  67,138.40  66.84K    1.06%\n",
            "1    2024-05-31  67530.1  68,352.30  69,018.20  66,676.80  61.51K   -1.21%\n",
            "0    2024-06-01  67760.8  67,533.90  67,861.00  67,449.60  19.01K    0.34%\n",
            "\n",
            "[4111 rows x 7 columns]\n",
            "           Date     Price       Open       High        Low     Vol. Change %\n",
            "2832 2013-03-01   3169.74   3,143.54   3,171.50   3,129.40  431.39M    0.30%\n",
            "2831 2013-03-04   3182.03   3,159.46   3,182.27   3,154.79  397.77M    0.39%\n",
            "2830 2013-03-05   3224.13   3,200.38   3,227.31   3,200.27  418.69M    1.32%\n",
            "2829 2013-03-06   3222.37   3,233.31   3,233.44   3,217.67  377.54M   -0.05%\n",
            "2828 2013-03-07   3232.09   3,224.50   3,235.10   3,221.47  365.78M    0.30%\n",
            "...         ...       ...        ...        ...        ...      ...      ...\n",
            "4    2024-05-24  16920.79  16,786.79  16,947.79  16,771.58  953.61M    1.10%\n",
            "3    2024-05-28  17019.88  16,988.31  17,032.65  16,917.51    1.10B    0.59%\n",
            "2    2024-05-29  16920.58  16,879.35  16,989.60  16,873.97    1.15B   -0.58%\n",
            "1    2024-05-30  16737.08  16,878.63  16,900.46  16,690.36    1.11B   -1.08%\n",
            "0    2024-05-31  16735.02  16,771.90  16,789.27  16,445.54    1.81B   -0.01%\n",
            "\n",
            "[2833 rows x 7 columns]\n",
            "           Date    Price     Open     High      Low    Vol. Change %\n",
            "2906 2013-03-01   82.358   82.010   82.580   81.850  34.83K    0.43%\n",
            "2905 2013-03-04   82.255   82.355   82.530   82.230  19.76K   -0.13%\n",
            "2904 2013-03-05   82.147   82.210   82.300   81.955  25.02K   -0.13%\n",
            "2903 2013-03-06   82.507   82.020   82.640   81.975  26.04K    0.44%\n",
            "2902 2013-03-07   82.123   82.615   82.620   81.995  35.17K   -0.47%\n",
            "...         ...      ...      ...      ...      ...     ...      ...\n",
            "4    2024-05-27  104.638  104.645  104.670  104.485   3.09K    0.00%\n",
            "3    2024-05-28  104.539  104.490  104.560  104.260  11.02K   -0.09%\n",
            "2    2024-05-29  105.034  104.590  105.085  104.515  17.66K    0.47%\n",
            "1    2024-05-30  104.658  105.095  105.135  104.575  17.83K   -0.36%\n",
            "0    2024-05-31  104.627  104.730  104.850  104.310  13.90K   -0.03%\n",
            "\n",
            "[2907 rows x 7 columns]\n"
          ]
        }
      ]
    },
    {
      "cell_type": "markdown",
      "source": [
        "# DATASET BITCOIN"
      ],
      "metadata": {
        "id": "k7w0l43NYrX4"
      }
    },
    {
      "cell_type": "code",
      "source": [
        "# Visualize the data\n",
        "plt.figure(figsize=(12, 6))\n",
        "plt.plot(bitcoin_df['Date'], bitcoin_df['Price'])\n",
        "plt.title('Bitcoin Price')\n",
        "plt.xlabel('Date')\n",
        "plt.ylabel('Price')\n",
        "plt.show()"
      ],
      "metadata": {
        "colab": {
          "base_uri": "https://localhost:8080/",
          "height": 564
        },
        "id": "1DPGXXQWYyKx",
        "outputId": "d38e9e51-a78a-464a-994e-f37cb07c53af"
      },
      "execution_count": 7,
      "outputs": [
        {
          "output_type": "display_data",
          "data": {
            "text/plain": [
              "<Figure size 1200x600 with 1 Axes>"
            ],
